%YAML:1.0
Homography: !!opencv-matrix
   rows: 3
   cols: 3
   dt: d
   data: [ -1.4271609215312659e+00, -3.3585657370517907e+00,
       1.1057031006409143e+03, -5.8727953841006163e-16,
       -9.2139269010912823e+00, 2.5924313182054370e+03,
       -6.2921333857725452e-19, -5.1966048848085897e-03, 1. ]
