%YAML:1.0
---
Homography: !!opencv-matrix
   rows: 3
   cols: 3
   dt: d
   data: [ -1.3872745490981919e+00, -1.5028807615230413e+00,
       7.2450413326653131e+02, -4.1633363423443370e-15,
       -5.1631039857492524e+00, 1.3165915163660597e+03,
       -5.8546917314217239e-18, -5.2326875974170392e-03, 1. ]
tSize: [ 640, 700 ]
