%YAML:1.0
---
Homography: !!opencv-matrix
   rows: 3
   cols: 3
   dt: d
   data: [ -1.4660908293407124e+00, -1.7787131385383650e+00,
       8.1250538160469819e+02, -1.4710455076283324e-15,
       -6.4596126594237173e+00, 1.8539088332546071e+03,
       -1.1926223897340549e-18, -5.3309939941966408e-03, 1. ]
tSize: [ 640, 700 ]
