%YAML:1.0
---
Homography: !!opencv-matrix
   rows: 3
   cols: 3
   dt: d
   data: [ -7.1358046076563297e-01, -1.6792828685258954e+00,
       5.5285155032045714e+02, -2.9363976920503081e-16,
       -4.6069634505456412e+00, 1.2962156591027185e+03,
       -6.2921333857725452e-19, -5.1966048848085897e-03, 1. ]
