%YAML:1.0
---
Homography: !!opencv-matrix
   rows: 3
   cols: 3
   dt: d
   data: [ 2.2332355618489110e+00, 2.8967330838475069e+00,
       -5.6576919186811551e+02, 1.9428902930940239e-15,
       7.4764842722767861e+00, -4.1120663497522401e+02,
       6.0715321659188248e-18, 1.7093152624658804e-02, 1. ]
tSize: [ 320, 240 ]
