%YAML:1.0
---
Homography: !!opencv-matrix
   rows: 3
   cols: 3
   dt: d
   data: [ 2.9912427432844697e+00, 3.1486765718783918e+00,
       -7.1805569221686733e+02, -6.9388939039072284e-16,
       1.1547771327363998e+01, -8.8917839220702740e+02,
       -4.3368086899420177e-18, 2.0761586145823147e-02, 1. ]
tSize: [ 320, 240 ]
